3.93,1.58,1.46,0
9.82600021362305,-2.23600006103516,-0.118000000715256,0
9.82299995422363,-2.20300006866455,-0.118000000715256,0
9.79699993133545,-2.16499996185303,-0.116999998688698,0
9.77700042724609,-2.12800002098083,-0.11599999666214,0
9.7790002822876,-2.09599995613098,-0.11599999666214,0
9.78999996185303,-2.08299994468689,-0.11599999666214,0
9.80300045013428,-2.05299997329712,-0.11599999666214,0
9.82499980926514,-2.02600002288818,-0.116999998688698,0
9.84700012207031,-1.99800002574921,-0.116999998688698,0
9.86299991607666,-1.96899998188019,-0.118000000715256,0
9.89099979400635,-1.94200003147125,-0.118000000715256,0
9.92599964141846,-1.91700005531311,-0.119000002741814,0.0700000002980232
9.97999954223633,-1.91100001335144,-0.120999999344349,0.109999999403954
9.32699966430664,-2.37299990653992,-0.166999995708466,0.140000000596046
9.28800010681152,-2.33200001716614,-0.165000006556511,0.0900000035762787
9.26099967956543,-2.29399991035461,-0.164000004529953,0.0900000035762787
9.26000022888184,-2.26300001144409,-0.164000004529953,0.140000000596046
9.23600006103516,-2.22699999809265,-0.162000000476837,0.0900000035762787
9.22500038146973,-2.19400000572205,-0.162000000476837,0.0900000035762787
9.23999977111816,-2.16700005531311,-0.162000000476837,0.0900000035762787
9.24100017547607,-2.15199995040894,-0.162000000476837,0.0900000035762787
9.24199962615967,-2.12100005149841,-0.162000000476837,0.0900000035762787
9.24699974060059,-2.09200000762939,-0.162000000476837,0.140000000596046
9.2519998550415,-2.06200003623962,-0.160999998450279,0.0900000035762787
9.2519998550415,-2.03200006484985,-0.160999998450279,0.0900000035762787
9.27600002288818,-2.00699996948242,-0.162000000476837,0.150000005960464
9.26900005340576,-1.97500002384186,-0.160999998450279,0.0900000035762787
9.28699970245361,-1.96300005912781,-0.162000000476837,0.150000005960464
9.28600025177002,-1.932000041008,-0.162000000476837,0.0900000035762787
9.3149995803833,-1.90799999237061,-0.163000002503395,0.150000005960464
9.30000019073486,-1.87399995326996,-0.162000000476837,0.0900000035762787
9.3430004119873,-1.85300004482269,-0.163000002503395,0.150000005960464
9.33500003814697,-1.82099997997284,-0.163000002503395,0.100000001490116
9.36600017547607,-1.7960000038147,-0.164000004529953,0.150000005960464
9.36999988555908,-1.76600003242493,-0.164000004529953,0.100000001490116
9.38199996948242,-1.75300002098083,-0.164000004529953,0.150000005960464
9.39900016784668,-1.72599995136261,-0.164000004529953,0.159999996423721
9.42599964141846,-1.70000004768372,-0.165000006556511,0.159999996423721
9.44200038909912,-1.67200005054474,-0.165999993681908,0.159999996423721
9.45100021362305,-1.64300000667572,-0.165999993681908,0.159999996423721
9.47799968719482,-1.61699998378754,-0.166999995708466,0.159999996423721
9.49400043487549,-1.58899998664856,-0.166999995708466,0.159999996423721
9.49899959564209,-1.57500004768372,-0.166999995708466,0.100000001490116
9.54100036621094,-1.55099999904633,-0.168999999761581,0.159999996423721
9.56999969482422,-1.52499997615814,-0.170000001788139,0.159999996423721
9.58800029754639,-1.49699997901917,-0.170000001788139,0.100000001490116
9.63300037384033,-1.47300004959106,-0.172000005841255,0.150000005960464
9.66699981689453,-1.44700002670288,-0.172999992966652,0.159999996423721
9.69099998474121,-1.4190000295639,-0.17399999499321,0.159999996423721
9.71100044250488,-1.40600001811981,-0.17399999499321,0.100000001490116
9.75899982452393,-1.38199996948242,-0.175999999046326,0.159999996423721
9.81099987030029,-1.35800004005432,-0.178000003099442,0.159999996423721
9.84899997711182,-1.3309999704361,-0.179000005125999,0.159999996423721
9.91399955749512,-1.30799996852875,-0.181999996304512,0.0900000035762787
10.0190000534058,-1.28999996185303,-0.185000002384186,0.150000005960464
10.1190004348755,-1.26999998092651,-0.188999995589256,0
10.1820001602173,-1.26199996471405,-0.19200000166893,0
10.2239999771118,-1.23399996757507,-0.193000003695488,0
9.12100028991699,-2.46000003814697,-0.216999992728233,0
9.0939998626709,-2.42199993133545,-0.215000003576279,0
9.07999992370605,-2.38800001144409,-0.214000001549721,0
9.07999992370605,-2.35700011253357,-0.214000001549721,0
9.07400035858154,-2.32500004768372,-0.212999999523163,0
9.06900024414063,-2.29299998283386,-0.211999997496605,0
9.07600021362305,-2.26500010490417,-0.211999997496605,0
9.05500030517578,-2.24399995803833,-0.210999995470047,0
9.05799961090088,-2.21499991416931,-0.210999995470047,0
9.05500030517578,-2.18400001525879,-0.210999995470047,0
9.05200004577637,-2.15300011634827,-0.209999993443489,0
9.05300045013428,-2.12400007247925,-0.209999993443489,0
9.04399967193604,-2.09100008010864,-0.209000006318092,0
9.04699993133545,-2.06200003623962,-0.209000006318092,0
9.04199981689453,-2.03099989891052,-0.209000006318092,0
9.03299999237061,-2.01399993896484,-0.208000004291534,0
9.05099964141846,-1.98800003528595,-0.209000006318092,0
9.04800033569336,-1.95799994468689,-0.208000004291534,0
9.05599975585938,-1.92999994754791,-0.208000004291534,0
9.04199981689453,-1.89699995517731,-0.207000002264977,0
9.02799987792969,-1.86500000953674,-0.206000000238419,0
9.04599952697754,-1.83899998664856,-0.207000002264977,0
9.04100036621094,-1.82299995422363,-0.207000002264977,0
9.05300045013428,-1.7960000038147,-0.207000002264977,0
9.05200004577637,-1.76600003242493,-0.207000002264977,0
9.0620002746582,-1.73800003528595,-0.207000002264977,0
9.06700038909912,-1.71000003814697,-0.207000002264977,0
9.08800029754639,-1.68400001525879,-0.208000004291534,0
9.09700012207031,-1.65699994564056,-0.208000004291534,0
9.10799980163574,-1.64400005340576,-0.208000004291534,0
9.12100028991699,-1.61600005626678,-0.208000004291534,0
9.14000034332275,-1.5900000333786,-0.209000006318092,0
9.14799976348877,-1.56200003623962,-0.209000006318092,0
9.17099952697754,-1.53600001335144,-0.209999993443489,0
9.19600009918213,-1.5110000371933,-0.210999995470047,0
9.21399974822998,-1.48399996757507,-0.211999997496605,0
9.24400043487549,-1.47399997711182,-0.212999999523163,0
9.25599956512451,-1.44700002670288,-0.212999999523163,0
9.29300022125244,-1.42200005054474,-0.215000003576279,0
9.32100009918213,-1.39699995517731,-0.216000005602837,0
9.34899997711182,-1.37100005149841,-0.216999992728233,0
9.40200042724609,-1.34899997711182,-0.218999996781349,0
9.45600032806396,-1.32599997520447,-0.221000000834465,0
9.5019998550415,-1.317999958992,-0.223000004887581,0
9.5629997253418,-1.2960000038147,-0.225999996066093,0
9.625,-1.27300000190735,-0.228000000119209,0
9.71399974822998,-1.25399994850159,-0.23199999332428,0
9.79500007629395,-1.23399996757507,-0.236000001430511,0
9.87199974060059,-1.21200001239777,-0.238999992609024,0
9.94699954986572,-1.19000005722046,-0.241999998688698,0
10.0419998168945,-1.18599998950958,-0.24600000679493,0
10.16100025177,-1.16799998283386,-0.250999987125397,0
10.2399997711182,-1.14400005340576,-0.254999995231628,0
10.3570003509521,-1.125,-0.259999990463257,0.159999996423721
8.98400020599365,-2.46300005912781,-0.263999998569489,0
8.99499988555908,-2.43600010871887,-0.264999985694885,0
8.95300006866455,-2.39499998092651,-0.261999994516373,0
8.95800018310547,-2.38100004196167,-0.261999994516373,0
8.95600032806396,-2.34999990463257,-0.261999994516373,0
8.9689998626709,-2.32399988174438,-0.261999994516373,0
9.03499984741211,-2.30999994277954,-0.264999985694885,0
9.08300018310547,-2.29200005531311,-0.266999989748001,0
8.95800018310547,-2.23099994659424,-0.259999990463257,0
8.95899963378906,-2.20099997520447,-0.259999990463257,0
8.9370002746582,-2.18099999427795,-0.25900000333786,0
8.92599964141846,-2.1489999294281,-0.257999986410141,0
8.92300033569336,-2.11899995803833,-0.256999999284744,0
8.92000007629395,-2.08800005912781,-0.256999999284744,0
8.91499996185303,-2.05800008773804,-0.256000012159348,0
8.90999984741211,-2.02699995040894,-0.254999995231628,0
8.90299987792969,-1.99600005149841,-0.254999995231628,0
8.91199970245361,-1.98300004005432,-0.254999995231628,0
8.89200019836426,-1.95000004768372,-0.254000008106232,0
8.89299964904785,-1.9210000038147,-0.252999991178513,0
8.90200042724609,-1.89400005340576,-0.254000008106232,0
8.89700031280518,-1.86300003528595,-0.252999991178513,0
8.88099956512451,-1.8309999704361,-0.252000004053116,0
8.91199970245361,-1.80799996852875,-0.252999991178513,0
8.88000011444092,-1.78699994087219,-0.250999987125397,0
8.87100028991699,-1.72699999809265,-0.25,0
8.87800025939941,-1.70000004768372,-0.250999987125397,0
8.86800003051758,-1.61199998855591,-0.248999997973442,0
8.84899997711182,-1.59399998188019,-0.247999995946884,0
9.5620002746582,-1.28900003433228,-0.28099998831749,0
9.59000015258789,-1.26199996471405,-0.282000005245209,0
9.74300003051758,-1.25100004673004,-0.28999999165535,0
9.84000015258789,-1.23199999332428,-0.294999986886978,0
9.99400043487549,-1.18700003623962,-0.301999986171722,0
10.0749998092651,-1.17999994754791,-0.305999994277954,0
10.1719999313354,-1.15900003910065,-0.310999989509583,0
10.2969999313354,-1.13999998569489,-0.31700000166893,0
10.3420000076294,-1.11199998855591,-0.319000005722046,0.0900000035762787
10.4130001068115,-1.08700001239777,-0.321999996900558,0.109999999403954
8.94699954986572,-2.50399994850159,-0.321999996900558,0
8.93900012969971,-2.47099995613098,-0.321999996900558,0
8.93200016021729,-2.43899989128113,-0.321000009775162,0
8.91800022125244,-2.40499997138977,-0.319000005722046,0
8.91199970245361,-2.37400007247925,-0.319000005722046,0
9.08399963378906,-2.38899993896484,-0.328000009059906,0
9.10999965667725,-2.3659999370575,-0.328999996185303,0
9.18200016021729,-2.36899995803833,-0.333000004291534,0
9.06700038909912,-2.30900001525879,-0.32600000500679,0
9.875,-2.17300009727478,-0.368999987840652,0
9.88599967956543,-2.14199995994568,-0.368999987840652,0
9.86800003051758,-2.12199997901917,-0.368000000715256,0
9.86499977111816,-2.08899998664856,-0.367000013589859,0
9.85599994659424,-2.0550000667572,-0.36599999666214,0
9.83500003814697,-2.01799988746643,-0.365000009536743,0
9.76299953460693,-1.97099995613098,-0.360000014305115,0
8.86800003051758,-1.68700003623962,-0.30799999833107,0
8.84500026702881,-1.625,-0.305999994277954,0
8.83399963378906,-1.59399998188019,-0.305000007152557,0
8.84700012207031,-1.567999958992,-0.305000007152557,0
8.83100032806396,-1.53600001335144,-0.303999990224838,0
8.84899997711182,-1.52499997615814,-0.305000007152557,0
8.85299968719482,-1.49699997901917,-0.305000007152557,0
8.85200023651123,-1.46800005435944,-0.303999990224838,0
9.05099964141846,-1.38499999046326,-0.314999997615814,0
9.12100028991699,-1.38199996948242,-0.319000005722046,0
9.16800022125244,-1.35899996757507,-0.321000009775162,0
9.22399997711182,-1.33800005912781,-0.324000000953674,0
9.34099960327148,-1.32599997520447,-0.331000000238419,0
9.40200042724609,-1.30400002002716,-0.333999991416931,0
9.46599960327148,-1.28299999237061,-0.337000012397766,0
9.5959997177124,-1.25499999523163,-0.34400001168251,0
9.66600036621094,-1.23300004005432,-0.34799998998642,0
9.77600002288818,-1.21700000762939,-0.354000002145767,0
10.0270004272461,-1.15299999713898,-0.368000000715256,0
10.0979995727539,-1.12899994850159,-0.372000008821487,0
10.2089996337891,-1.10899996757507,-0.377999991178513,0
10.3079996109009,-1.10399997234344,-0.382999986410141,0
10.4700002670288,-1.05499994754791,-0.391999989748001,0.270000010728836
8.88500022888184,-2.51200008392334,-0.368999987840652,0
8.86400032043457,-2.4909999370575,-0.367000013589859,0
8.86800003051758,-2.46199989318848,-0.367000013589859,0
8.84099960327148,-2.42499995231628,-0.363999992609024,0
8.87100028991699,-2.40300011634827,-0.36599999666214,0
9.01599979400635,-2.41100001335144,-0.375,0
9.07900047302246,-2.39800000190735,-0.377999991178513,0
9.16600036621094,-2.39000010490417,-0.382999986410141,0
9.08899974822998,-2.35400009155273,-0.377999991178513,0
9.92500019073486,-2.22199988365173,-0.426999986171722,0
9.93000030517578,-2.19099998474121,-0.425999999046326,0
9.89000034332275,-2.1489999294281,-0.42399999499321,0
9.89900016784668,-2.11899995803833,-0.42399999499321,0
9.89999961853027,-2.1029999256134,-0.42399999499321,0
9.88000011444092,-2.06599998474121,-0.421999990940094,0
9.89799976348877,-2.03699994087219,-0.423000007867813,0
9.8730001449585,-2,-0.421000003814697,0
8.79199981689453,-1.62699997425079,-0.351000010967255,0
8.76000022888184,-1.59200000762939,-0.34799998998642,0
8.77099990844727,-1.56599998474121,-0.349000006914139,0
8.78400039672852,-1.53999996185303,-0.349000006914139,0
8.80599975585938,-1.51499998569489,-0.349999994039536,0
8.78699970245361,-1.49699997901917,-0.349000006914139,0
8.77600002288818,-1.46700000762939,-0.34799998998642,0
8.82600021362305,-1.44700002670288,-0.351000010967255,0
8.8730001449585,-1.42599999904633,-0.352999985218048,0
8.91699981689453,-1.40400004386902,-0.356000006198883,0
8.9709997177124,-1.38399994373322,-0.358999997377396,0
9.03499984741211,-1.3639999628067,-0.363000005483627,0
9.10000038146973,-1.35899996757507,-0.367000013589859,0
9.14400005340576,-1.33599996566772,-0.368999987840652,0
9.19900035858154,-1.31500005722046,-0.372000008821487,0
9.60299968719482,-1.21800005435944,-0.395999997854233,0
9.9040002822876,-1.17599999904633,-0.414000004529953,0
9.9709997177124,-1.15199995040894,-0.418000012636185,0
10.0679998397827,-1.13100004196167,-0.42399999499321,0
10.1230001449585,-1.10500001907349,-0.426999986171722,0
10.2530002593994,-1.08700001239777,-0.435000002384186,0
10.331000328064,-1.07799994945526,-0.439999997615814,0
10.4750003814697,-1.05999994277954,-0.449000000953674,0
10.5,-1.02900004386902,-0.449999988079071,0.0599999986588955
8.83300018310547,-2.57699990272522,-0.430999994277954,0
8.80599975585938,-2.53900003433228,-0.428000003099442,0
8.80500030517578,-2.50799989700317,-0.428000003099442,0
8.79300022125244,-2.47499990463257,-0.425999999046326,0
8.77600002288818,-2.44099998474121,-0.425000011920929,0
8.85499954223633,-2.43300008773804,-0.430000007152557,0
8.9680004119873,-2.44899988174438,-0.437999993562698,0
9.02600002288818,-2.43499994277954,-0.441000014543533,0
9.13000011444092,-2.43199992179871,-0.448000013828278,0
9.82999992370605,-2.22699999809265,-0.49099999666214,0
9.89299964904785,-2.20900011062622,-0.495000004768372,0
9.89999961853027,-2.17799997329712,-0.495000004768372,0
9.87800025939941,-2.14100003242493,-0.493000000715256,0
9.87800025939941,-2.10800004005432,-0.493000000715256,0
9.8730001449585,-2.07500004768372,-0.492000013589859,0
9.86999988555908,-2.04200005531311,-0.49099999666214,0
9.84000015258789,-2.01900005340576,-0.488999992609024,0
11.0539999008179,-2.16300010681152,-0.573000013828278,0
8.71700000762939,-1.61500000953674,-0.407999992370605,0
8.69299983978271,-1.59599995613098,-0.40599998831749,0
8.71500015258789,-1.57200002670288,-0.407000005245209,0
8.7180004119873,-1.5440000295639,-0.407000005245209,0
8.73900032043457,-1.51999998092651,-0.407999992370605,0
8.72200012207031,-1.4889999628067,-0.407000005245209,0
8.72200012207031,-1.46099996566772,-0.40599998831749,0
8.77000045776367,-1.44000005722046,-0.409000009298325,0
8.87899971008301,-1.41600000858307,-0.416999995708466,0
8.95300006866455,-1.37000000476837,-0.421000003814697,0
9.03400039672852,-1.35399997234344,-0.425999999046326,0
9.09200000762939,-1.33299994468689,-0.430000007152557,0
9.12600040435791,-1.30900001525879,-0.432000011205673,0
9.58600044250488,-1.20799994468689,-0.462999999523163,0
9.61400032043457,-1.18099999427795,-0.46399998664856,0
10.2589998245239,-1.04900002479553,-0.507000029087067,0
10.375,-1.02900004386902,-0.514999985694885,0
10.4659996032715,-1.02100002765656,-0.521000027656555,0
10.5609998703003,-0.996999979019165,-0.527999997138977,0
10.5860004425049,-0.966000020503998,-0.528999984264374,0.0500000007450581
8.80700016021729,-2.61100006103516,-0.474999994039536,0
8.79199981689453,-2.57699990272522,-0.474000006914139,0
8.78299999237061,-2.55900001525879,-0.472000002861023,0
8.76599979400635,-2.5239999294281,-0.470999985933304,0
8.75899982452393,-2.49200010299683,-0.46900001168251,0
8.82400035858154,-2.48099994659424,-0.474000006914139,0
8.92599964141846,-2.47900009155273,-0.481000006198883,0
8.96700000762939,-2.46000003814697,-0.483999997377396,0
9.04399967193604,-2.45000004768372,-0.488999992609024,0
9.09200000762939,-2.44799995422363,-0.492000013589859,0
8.86400032043457,-2.35700011253357,-0.474000006914139,0
8.99899959564209,-2.36299991607666,-0.483999997377396,0
8.90799999237061,-2.30900001525879,-0.476000010967255,0
8.74499988555908,-2.23799991607666,-0.46399998664856,0
8.74199962615967,-2.20799994468689,-0.462999999523163,0
8.75699996948242,-2.18300008773804,-0.462999999523163,0
8.74699974060059,-2.16499996185303,-0.462000012397766,0
8.73600006103516,-2.1340000629425,-0.460999995470047,0
8.73499965667725,-2.10400009155273,-0.46000000834465,0
8.73400020599365,-2.07500004768372,-0.46000000834465,0
8.72999954223633,-2.04500007629395,-0.458999991416931,0
8.73299980163574,-2.01699995994568,-0.458999991416931,0
8.74100017547607,-1.99000000953674,-0.458999991416931,0
8.7189998626709,-1.97099995613098,-0.456999987363815,0
8.72700023651123,-1.94400000572205,-0.456999987363815,0
8.72299957275391,-1.91400003433228,-0.456000000238419,0
8.74499988555908,-1.88999998569489,-0.458000004291534,0
9.81099987030029,-2.08500003814697,-0.537000000476837,0
9.89099979400635,-2.0699999332428,-0.542999982833862,0
9.92700004577637,-2.04399991035461,-0.545000016689301,0
8.7480001449585,-1.77600002288818,-0.456000000238419,0
8.69799995422363,-1.75199997425079,-0.451999992132187,0
8.71700000762939,-1.72699999809265,-0.453000009059906,0
8.70899963378906,-1.69700002670288,-0.451999992132187,0
8.71199989318848,-1.66999995708466,-0.451999992132187,0
8.69999980926514,-1.63900005817413,-0.45100000500679,0
8.68900012969971,-1.60899996757507,-0.449999988079071,0
8.6870002746582,-1.58000004291534,-0.449000000953674,0
8.70100021362305,-1.567999958992,-0.449999988079071,0
8.71000003814697,-1.54200005531311,-0.449999988079071,0
8.72200012207031,-1.51600003242493,-0.45100000500679,0
8.71500015258789,-1.48599994182587,-0.449999988079071,0
8.75300025939941,-1.4650000333786,-0.451999992132187,0
8.78499984741211,-1.44099998474121,-0.453999996185303,0
8.83300018310547,-1.4210000038147,-0.458000004291534,0
8.88099956512451,-1.41400003433228,-0.460999995470047,0
8.92700004577637,-1.39199995994568,-0.46399998664856,0
8.98600006103516,-1.37300002574921,-0.467999994754791,0
9.05399990081787,-1.35399997234344,-0.47299998998642,0
9.0930004119873,-1.33000004291534,-0.476000010967255,0
9.13899993896484,-1.307000041008,-0.479000002145767,0
9.32100009918213,-1.30299997329712,-0.492000013589859,0
9.32699966430664,-1.28900003433228,-0.492000013589859,0
9.40999984741211,-1.26999998092651,-0.497999995946884,0
9.49899959564209,-1.25199997425079,-0.504000008106232,0
9.5319995880127,-1.19500005245209,-0.505999982357025,0
9.6850004196167,-1.18299996852875,-0.517000019550323,0
9.82499980926514,-1.16799998283386,-0.52700001001358,0
9.93000030517578,-1.16499996185303,-0.535000026226044,0
10.0069999694824,-1.14199995994568,-0.541000008583069,0
10.0939998626709,-1.11899995803833,-0.546999990940094,0
10.164999961853,-1.09500002861023,-0.551999986171722,0
10.2650003433228,-1.07299995422363,-0.559000015258789,0
10.3540000915527,-1.04900002479553,-0.564999997615814,0
10.4379997253418,-1.02400004863739,-0.570999979972839,0
10.5590000152588,-1.01900005340576,-0.579999983310699,0
10.7040004730225,-0.964999973773956,-0.589999973773956,0.340000003576279
9.91699981689453,-2.15300011634827,-0.612999975681305,0
9.88300037384033,-2.12899994850159,-0.610000014305115,0
9.55099964141846,-1.16100001335144,-0.570999979972839,0
10.3850002288818,-1.01699995994568,-0.635999977588654,0.0299999993294477
10.3509998321533,-0.981000006198883,-0.633000016212463,0
10.3439998626709,-0.947000026702881,-0.632000029087067,0
11.923999786377,-1.07700002193451,-0.75900000333786,0
11.9390001296997,-1.03999996185303,-0.759999990463257,0
10.2829999923706,-0.860000014305115,-0.626999974250793,0
8.59099960327148,-2.67000007629395,-0.572000026702881,0.159999996423721
8.5959997177124,-2.64199995994568,-0.572000026702881,0.180000007152557
8.58300018310547,-2.62299990653992,-0.569999992847443,0.170000001788139
8.59500026702881,-2.59699988365173,-0.570999979972839,0.180000007152557
8.58800029754639,-2.56599998474121,-0.569000005722046,0.300000011920929
8.61100006103516,-2.54299998283386,-0.570999979972839,0
8.56900024414063,-2.50200009346008,-0.565999984741211,0
8.5600004196167,-2.47000002861023,-0.564999997615814,0
8.55799961090088,-2.44000005722046,-0.564000010490417,0
8.55399990081787,-2.41000008583069,-0.563000023365021,0
8.54100036621094,-2.39199995994568,-0.560999989509583,0
8.54599952697754,-2.36500000953674,-0.560999989509583,0
8.52499961853027,-2.32999992370605,-0.559000015258789,0
8.55300045013428,-2.30900001525879,-0.560999989509583,0
8.52200031280518,-2.2720000743866,-0.556999981403351,0
8.53299999237061,-2.24600005149841,-0.556999981403351,0
8.53400039672852,-2.21799993515015,-0.556999981403351,0
8.5319995880127,-2.20300006866455,-0.555999994277954,0
8.53800010681152,-2.17600011825562,-0.555999994277954,0
8.51799964904785,-2.14199995994568,-0.554000020027161,0
8.52499961853027,-2.1159999370575,-0.554000020027161,0
8.53699970245361,-2.08999991416931,-0.555000007152557,0
8.5319995880127,-2.06100010871887,-0.552999973297119,0
8.5310001373291,-2.03200006484985,-0.552999973297119,0
8.52200031280518,-2.01600003242493,-0.551999986171722,0
8.52099990844727,-1.98699998855591,-0.550999999046326,0
8.52700042724609,-1.96000003814697,-0.550999999046326,0
8.51200008392334,-1.92900002002716,-0.549000024795532,0
8.52600002288818,-1.90400004386902,-0.550000011920929,0
8.52200031280518,-1.875,-0.549000024795532,0
8.52400016784668,-1.84700000286102,-0.549000024795532,0
8.52299976348877,-1.83299994468689,-0.547999978065491,0
8.52099990844727,-1.80499994754791,-0.547999978065491,0
8.51500034332275,-1.77600002288818,-0.546999990940094,0
8.51799964904785,-1.74800002574921,-0.546000003814697,0
8.52799987792969,-1.72200000286102,-0.546999990940094,0
8.51900005340576,-1.692999958992,-0.546000003814697,0
8.50100040435791,-1.66199994087219,-0.544000029563904,0
8.51700019836426,-1.65100002288818,-0.545000016689301,0
8.50699996948242,-1.62100005149841,-0.542999982833862,0
8.49199962615967,-1.59099996089935,-0.541999995708466,0
8.50899982452393,-1.56599998474121,-0.542999982833862,0
8.51799964904785,-1.53999996185303,-0.542999982833862,0
8.50500011444092,-1.50999999046326,-0.541999995708466,0
8.52099990844727,-1.48599994182587,-0.542999982833862,0
8.54699993133545,-1.47599995136261,-0.545000016689301,0
8.57699966430664,-1.4539999961853,-0.546999990940094,0
8.61499977111816,-1.432000041008,-0.550000011920929,0
8.65499973297119,-1.41100001335144,-0.552999973297119,0
8.71300029754639,-1.39199995994568,-0.556999981403351,0
8.74899959564209,-1.36899995803833,-0.560000002384186,0
8.82600021362305,-1.35300004482269,-0.566999971866608,0
8.84200000762939,-1.34099996089935,-0.568000018596649,0
8.89900016784668,-1.32099997997284,-0.572000026702881,0
8.97200012207031,-1.30299997329712,-0.578000009059906,0
9.05099964141846,-1.2849999666214,-0.584999978542328,0
9.54899978637695,-1.18599998950958,-0.625999987125397,0
9.58199977874756,-1.1599999666214,-0.629000008106232,0
10.0220003128052,-1.10000002384186,-0.666000008583069,0
10.1029996871948,-1.07700002193451,-0.671999990940094,0
10.1859998703003,-1.05299997329712,-0.679000020027161,0.0399999991059303
10.2530002593994,-1.02699995040894,-0.685000002384186,0.0900000035762787
10.335000038147,-1.00300002098083,-0.691999971866608,0.150000005960464
10.3520002365112,-0.971000015735626,-0.693000018596649,0.180000007152557
10.4659996032715,-0.949000000953674,-0.702000021934509,0.28999999165535
10.548999786377,-0.922999978065491,-0.708999991416931,0
10.5520000457764,-0.906000018119812,-0.708999991416931,0.119999997317791
10.798999786377,-0.89300000667572,-0.730000019073486,0.180000007152557
10.918999671936,-0.867999970912933,-0.74099999666214,0.209999993443489
11.0509996414185,-0.842999994754791,-0.751999974250793,0.189999997615814
11.1809997558594,-0.816999971866608,-0.763000011444092,0.119999997317791
11.3339996337891,-0.791999995708466,-0.776000022888184,0.170000001788139
11.4820003509521,-0.765999972820282,-0.787999987602234,0.280000001192093
11.6499996185303,-0.75900000333786,-0.802999973297119,0.259999990463257
8.54300022125244,-2.7039999961853,-0.623000025749207,0
8.52499961853027,-2.66899991035461,-0.620000004768372,0
8.52200031280518,-2.63899993896484,-0.619000017642975,0
8.52099990844727,-2.60899996757507,-0.617999970912933,0
8.50800037384033,-2.57599997520447,-0.61599999666214,0
8.50300025939941,-2.54500007629395,-0.615000009536743,0
8.50500011444092,-2.51699995994568,-0.614000022411346,0
8.49199962615967,-2.49799990653992,-0.612999975681305,0
8.49600028991699,-2.47000002861023,-0.611999988555908,0
8.47599983215332,-2.43600010871887,-0.610000014305115,0
8.47500038146973,-2.40700006484985,-0.609000027179718,0
8.4689998626709,-2.37599992752075,-0.607999980449677,0
8.46300029754639,-2.34599995613098,-0.606000006198883,0
8.4680004119873,-2.31900000572205,-0.606000006198883,0
8.44499969482422,-2.29800009727478,-0.602999985218048,0
8.45600032806396,-2.2720000743866,-0.603999972343445,0
8.4379997253418,-2.23900008201599,-0.601000010967255,0
8.44299983978271,-2.21199989318848,-0.601000010967255,0
8.43299961090088,-2.18099999427795,-0.600000023841858,0
8.44099998474121,-2.15499997138977,-0.600000023841858,0
8.43599987030029,-2.12599992752075,-0.598999977111816,0
8.43200016021729,-2.10999989509583,-0.59799998998642,0
8.4370002746582,-2.08299994468689,-0.59799998998642,0
8.43200016021729,-2.05399990081787,-0.597000002861023,0
8.42599964141846,-2.02500009536743,-0.596000015735626,0
8.43900012969971,-2,-0.596000015735626,0
8.41600036621094,-1.96599996089935,-0.592999994754791,0
9.53400039672852,-1.16299998760223,-0.681999981403351,0
9.72000026702881,-1.10899996757507,-0.698000013828278,0
9.78299999237061,-1.08500003814697,-0.703999996185303,0
9.83199977874756,-1.05999994277954,-0.708000004291534,0
9.91300010681152,-1.03699994087219,-0.714999973773956,0
10.0010004043579,-1.01499998569489,-0.72299998998642,0
10.0959997177124,-1.00899994373322,-0.73199999332428,0
10.1899995803833,-0.986000001430511,-0.740000009536743,0
10.3000001907349,-0.96399998664856,-0.75,0
10.3920001983643,-0.939999997615814,-0.758000016212463,0
10.4940004348755,-0.916000008583069,-0.767000019550323,0
10.5959997177124,-0.892000019550323,-0.776000022888184,0
10.7200002670288,-0.869000017642975,-0.787999987602234,0
10.8430004119873,-0.861999988555908,-0.799000024795532,0
10.9580001831055,-0.837000012397766,-0.809000015258789,0
11.076000213623,-0.810999989509583,-0.819999992847443,0
11.2200002670288,-0.787000000476837,-0.833000004291534,0
11.3629999160767,-0.760999977588654,-0.846000015735626,0
11.5109996795654,-0.735000014305115,-0.859000027179718,0
11.6680002212524,-0.708999991416931,-0.873000025749207,0.0299999993294477
8.51000022888184,-2.71300005912781,-0.676999986171722,0.270000010728836
8.50899982452393,-2.68300008773804,-0.675999999046326,0.360000014305115
8.49199962615967,-2.66300010681152,-0.674000024795532,0.319999992847443
8.49899959564209,-2.63599991798401,-0.674000024795532,0.340000003576279
8.48799991607666,-2.60400009155273,-0.671999990940094,0.28999999165535
8.48600006103516,-2.57399988174438,-0.671000003814697,0.349999994039536
8.47700023651123,-2.54200005531311,-0.669000029563904,0.340000003576279
8.47200012207031,-2.51200008392334,-0.667999982833862,0.330000013113022
8.48400020599365,-2.48600006103516,-0.667999982833862,0.340000003576279
8.45699977874756,-2.46399998664856,-0.665000021457672,0.340000003576279
8.46100044250488,-2.43600010871887,-0.663999974727631,0.340000003576279
8.45499992370605,-2.40599989891052,-0.662999987602234,0.340000003576279
8.44699954986572,-2.375,-0.662000000476837,0.340000003576279
8.44099998474121,-2.34500002861023,-0.660000026226044,0.319999992847443
8.44099998474121,-2.31599998474121,-0.658999979496002,0.330000013113022
8.43299961090088,-2.28600001335144,-0.657999992370605,0.330000013113022
8.42199993133545,-2.25500011444092,-0.656000018119812,0.330000013113022
8.42199993133545,-2.24000000953674,-0.656000018119812,0.310000002384186
8.40799999237061,-2.20799994468689,-0.653999984264374,0.330000013113022
8.41899967193604,-2.18300008773804,-0.653999984264374,0.319999992847443
8.41399955749512,-2.15300011634827,-0.652999997138977,0.330000013113022
8.39700031280518,-2.12100005149841,-0.649999976158142,0.340000003576279
8.40200042724609,-2.09400010108948,-0.649999976158142,0.330000013113022
8.40299987792969,-2.06699991226196,-0.649999976158142,0.330000013113022
8.38899993896484,-2.04900002479553,-0.648000001907349,0.319999992847443
8.39099979400635,-2.0220000743866,-0.647000014781952,0.330000013113022
8.39200019836426,-1.99399995803833,-0.647000014781952,0.319999992847443
8.38599967956543,-1.9650000333786,-0.646000027656555,0.330000013113022
8.38300037384033,-1.93700003623962,-0.644999980926514,0.319999992847443
8.38899993896484,-1.9099999666214,-0.644999980926514,0.330000013113022
8.3769998550415,-1.87999999523163,-0.64300000667572,0.310000002384186
8.36299991607666,-1.86300003528595,-0.640999972820282,0.319999992847443
8.36999988555908,-1.83700001239777,-0.640999972820282,0.319999992847443
8.36600017547607,-1.80900001525879,-0.639999985694885,0.310000002384186
8.35999965667725,-1.77999997138977,-0.638999998569489,0.330000013113022
8.35000038146973,-1.75,-0.638000011444092,0.319999992847443
8.35799980163574,-1.72500002384186,-0.638000011444092,0.349999994039536
8.3459997177124,-1.69500005245209,-0.635999977588654,0.330000013113022
8.36800003051758,-1.67200005054474,-0.638000011444092,0.340000003576279
8.35499954223633,-1.65600001811981,-0.635999977588654,0.310000002384186
8.33300018310547,-1.62399995326996,-0.63400000333786,0.300000011920929
8.33600044250488,-1.59800004959106,-0.633000016212463,0.259999990463257
8.34500026702881,-1.57200002670288,-0.63400000333786,0.180000007152557
8.35000038146973,-1.5460000038147,-0.63400000333786,0.46000000834465
8.35299968719482,-1.51999998092651,-0.63400000333786,0.209999993443489
8.3439998626709,-1.49100005626678,-0.632000029087067,0.129999995231628
8.36999988555908,-1.48199999332428,-0.634999990463257,0.170000001788139
8.40200042724609,-1.46000003814697,-0.637000024318695,0.209999993443489
8.45400047302246,-1.44200003147125,-0.642000019550323,0.170000001788139
8.48200035095215,-1.4190000295639,-0.643999993801117,0.129999995231628
8.52299976348877,-1.39800000190735,-0.648000001907349,0.159999996423721
8.58100032806396,-1.37999999523163,-0.652999997138977,0.119999997317791
8.63399982452393,-1.36099994182587,-0.657999992370605,0.159999996423721
8.67599964141846,-1.35300004482269,-0.662000000476837,0.119999997317791
8.73499965667725,-1.33399999141693,-0.667999982833862,0.180000007152557
8.79800033569336,-1.31500005722046,-0.672999978065491,0.219999998807907
8.87100028991699,-1.29799997806549,-0.680000007152557,0.209999993443489
8.92899990081787,-1.27699995040894,-0.685999989509583,0.170000001788139
8.98200035095215,-1.25600004196167,-0.689999997615814,0.389999985694885
9.04899978637695,-1.23599994182587,-0.697000026702881,0.230000004172325
9.13399982452393,-1.23300004005432,-0.704999983310699,0.180000007152557
9.20100021362305,-1.21200001239777,-0.711000025272369,0.389999985694885
9.2810001373291,-1.192999958992,-0.718999981880188,0.230000004172325
9.36400032043457,-1.17299997806549,-0.726999998092651,0.180000007152557
9.4350004196167,-1.15199995040894,-0.732999980449677,0.389999985694885
9.50599956512451,-1.12999999523163,-0.740000009536743,0.209999993443489
9.5959997177124,-1.11000001430511,-0.749000012874603,0.300000011920929
9.70600032806396,-1.07599997520447,-0.75900000333786,0.550000011920929
9.83600044250488,-1.05900001525879,-0.771000027656555,0.140000000596046
9.93299961090088,-1.03799998760223,-0.781000018119812,0.389999985694885
10.0270004272461,-1.01499998569489,-0.790000021457672,0.230000004172325
10.1309995651245,-0.994000017642975,-0.800000011920929,0.200000002980232
10.2200002670288,-0.970000028610229,-0.808000028133392,0.379999995231628
10.3159999847412,-0.945999979972839,-0.816999971866608,0.180000007152557
10.4359998703003,-0.939999997615814,-0.828999996185303,0.360000014305115
10.5419998168945,-0.916000008583069,-0.83899998664856,0.200000002980232
10.6379995346069,-0.889999985694885,-0.84799998998642,0.349999994039536
10.7360000610352,-0.864000022411346,-0.857999980449677,0.25
10.8640003204346,-0.839999973773956,-0.870000004768372,0.270000010728836
10.9899997711182,-0.814999997615814,-0.882000029087067,0.140000000596046
11.1389999389648,-0.790000021457672,-0.897000014781952,0.389999985694885
11.25,-0.779999971389771,-0.907000005245209,0.189999997615814
11.4589996337891,-0.758000016212463,-0.927999973297119,0.100000001490116
11.6540002822876,-0.734000027179718,-0.947000026702881,0.180000007152557
8.5,-2.72699999809265,-0.73199999332428,0.230000004172325
8.51599979400635,-2.70300006866455,-0.73199999332428,0.340000003576279
8.50300025939941,-2.67000007629395,-0.730000019073486,0.310000002384186
8.39000034332275,-2.60500001907349,-0.717000007629395,0.180000007152557
8.47799968719482,-2.6029999256134,-0.726000010967255,0.0799999982118607
8.48600006103516,-2.57699990272522,-0.726000010967255,0.189999997615814
8.48900032043457,-2.56299996376038,-0.725000023841858,0.270000010728836
8.45800018310547,-2.5239999294281,-0.721000015735626,0.189999997615814
8.47000026702881,-2.47000002861023,-0.721000015735626,0.330000013113022
8.45300006866455,-2.43600010871887,-0.717999994754791,0.319999992847443
8.44900035858154,-2.40599989891052,-0.717000007629395,0.319999992847443
8.44900035858154,-2.37800002098083,-0.716000020503998,0.319999992847443
8.4379997253418,-2.35999989509583,-0.71399998664856,0.330000013113022
8.44099998474121,-2.33200001716614,-0.71399998664856,0.319999992847443
8.44099998474121,-2.30399990081787,-0.712999999523163,0.319999992847443
8.42500019073486,-2.27099990844727,-0.711000025272369,0.330000013113022
8.42099952697754,-2.2409999370575,-0.708999991416931,0.319999992847443
8.41800022125244,-2.21199989318848,-0.708000004291534,0.340000003576279
8.4060001373291,-2.18099999427795,-0.705999970436096,0.330000013113022
8.40100002288818,-2.16599988937378,-0.704999983310699,0.319999992847443
8.39799976348877,-2.13700008392334,-0.703999996185303,0.330000013113022
8.39400005340576,-2.10700011253357,-0.703000009059906,0.370000004768372
8.39000034332275,-2.0789999961853,-0.702000021934509,0.319999992847443
8.39299964904785,-2.05100011825562,-0.702000021934509,0.319999992847443
8.37600040435791,-2.01900005340576,-0.699000000953674,0.319999992847443
8.38500022888184,-1.99300003051758,-0.699000000953674,0.389999985694885
8.375,-1.96300005912781,-0.698000013828278,0.319999992847443
8.36699962615967,-1.94799995422363,-0.695999979972839,0.379999995231628
8.35299968719482,-1.91700005531311,-0.694000005722046,0.319999992847443
8.35799980163574,-1.88999998569489,-0.694000005722046,0.319999992847443
8.35799980163574,-1.86199998855591,-0.694000005722046,0.370000004768372
8.34799957275391,-1.83299994468689,-0.691999971866608,0.310000002384186
8.35200023651123,-1.80599999427795,-0.691999971866608,0.370000004768372
8.34200000762939,-1.77600002288818,-0.689999997615814,0.300000011920929
8.34099960327148,-1.76300001144409,-0.689999997615814,0.379999995231628
8.33100032806396,-1.73300004005432,-0.688000023365021,0.310000002384186
8.32999992370605,-1.7059999704361,-0.686999976634979,0.360000014305115
8.32199954986572,-1.67700004577637,-0.685999989509583,0.300000011920929
8.31900024414063,-1.64900004863739,-0.685000002384186,0.360000014305115
8.32199954986572,-1.62199997901917,-0.685000002384186,0.28999999165535
8.32699966430664,-1.59599995613098,-0.685000002384186,0.370000004768372
8.3100004196167,-1.5789999961853,-0.683000028133392,0.300000011920929
8.30799961090088,-1.55200004577637,-0.681999981403351,0.360000014305115
8.30500030517578,-1.52400004863739,-0.680999994277954,0.270000010728836
8.30700016021729,-1.49800002574921,-0.680999994277954,0.349999994039536
8.3120002746582,-1.47200000286102,-0.680999994277954,0.360000014305115
8.3459997177124,-1.45099997520447,-0.684000015258789,0.310000002384186
8.38599967956543,-1.43099999427795,-0.688000023365021,0.319999992847443
8.42099952697754,-1.42299997806549,-0.690999984741211,0.300000011920929
8.4689998626709,-1.40400004386902,-0.695999979972839,0.300000011920929
8.52400016784668,-1.3860000371933,-0.700999975204468,0.300000011920929
8.56799983978271,-1.36500000953674,-0.704999983310699,0.28999999165535
8.6230001449585,-1.34700000286102,-0.711000025272369,0.280000001192093
8.68000030517578,-1.32799994945526,-0.716000020503998,0.280000001192093
8.72200012207031,-1.30599999427795,-0.720000028610229,0.300000011920929
8.79300022125244,-1.28900003433228,-0.726999998092651,0.270000010728836
8.85200023651123,-1.28400003910065,-0.732999980449677,0.270000010728836
8.92700004577637,-1.26600003242493,-0.74099999666214,0.270000010728836
8.99199962615967,-1.24699997901917,-0.746999979019165,0.270000010728836
9.05099964141846,-1.22599995136261,-0.753000020980835,0.300000011920929
9.11800003051758,-1.2059999704361,-0.759999990463257,0.28999999165535
9.18900012969971,-1.18599998950958,-0.767000019550323,0.28999999165535
9.27499961853027,-1.16799998283386,-0.776000022888184,0.259999990463257
9.35599994659424,-1.16299998760223,-0.783999979496002,0.270000010728836
9.42500019073486,-1.14199995994568,-0.791000008583069,0.25
9.67099952697754,-1.11099994182587,-0.815999984741211,0.589999973773956
9.67199993133545,-1.08000004291534,-0.815999984741211,0.280000001192093
9.76200008392334,-1.05999994277954,-0.824999988079071,0.28999999165535
9.84700012207031,-1.03799998760223,-0.833000004291534,0.280000001192093
9.9350004196167,-1.03199994564056,-0.842000007629395,0.280000001192093
10.0080003738403,-1.00800001621246,-0.850000023841858,0.300000011920929
10.0900001525879,-0.984000027179718,-0.857999980449677,0.230000004172325
10.1859998703003,-0.961000025272369,-0.867999970912933,0.189999997615814
10.3039999008179,-0.939999997615814,-0.879999995231628,0.270000010728836
10.4259996414185,-0.917999982833862,-0.892000019550323,0.270000010728836
10.5299997329712,-0.894999980926514,-0.902999997138977,0.270000010728836
10.6499996185303,-0.888000011444092,-0.915000021457672,0.259999990463257
10.7679996490479,-0.864000022411346,-0.926999986171722,0.270000010728836
10.8909997940063,-0.839999973773956,-0.939999997615814,0.189999997615814
11.2309999465942,-0.832000017166138,-0.975000023841858,0
11.0450000762939,-0.782000005245209,-0.955999970436096,0
11.253999710083,-0.726999998092651,-0.976999998092651,0.129999995231628
11.6529998779297,-0.735000014305115,-1.01800000667572,0.109999999403954
8.60999965667725,-2.70300006866455,-0.800999999046326,0.239999994635582
8.59500026702881,-2.66899991035461,-0.797999978065491,0.930000007152557
8.60599994659424,-2.64299988746643,-0.799000024795532,0.879999995231628
8.72299957275391,-2.64800000190735,-0.810999989509583,0.740000009536743
8.48499965667725,-2.56200003623962,-0.782999992370605,0
8.54399967193604,-2.55100011825562,-0.788999974727631,0
8.52600002288818,-2.51600003242493,-0.78600001335144,0
8.50899982452393,-2.48200011253357,-0.782999992370605,0
8.51099967956543,-2.4539999961853,-0.782999992370605,0.0700000002980232
8.50500011444092,-2.42300009727478,-0.781000018119812,0.140000000596046
8.50100040435791,-2.39400005340576,-0.779999971389771,0.159999996423721
8.50100040435791,-2.36500000953674,-0.778999984264374,0.170000001788139
8.49300003051758,-2.34800004959106,-0.77700001001358,0.180000007152557
8.48700046539307,-2.31800007820129,-0.776000022888184,0.170000001788139
8.4709997177124,-2.28500008583069,-0.773000001907349,0.170000001788139
8.46300029754639,-2.25399994850159,-0.772000014781952,0.170000001788139
8.46599960327148,-2.22699999809265,-0.771000027656555,0.170000001788139
8.46300029754639,-2.19799995422363,-0.769999980926514,0.159999996423721
8.44499969482422,-2.16499996185303,-0.767000019550323,0.170000001788139
8.43099975585938,-2.1470000743866,-0.764999985694885,0
8.44600009918213,-2.12299990653992,-0.765999972820282,0.0599999986588955
8.43900012969971,-2.09299993515015,-0.763999998569489,0.230000004172325
8.44099998474121,-2.06500005722046,-0.763999998569489,0.25
8.42500019073486,-2.03299999237061,-0.760999977588654,0.25
8.42099952697754,-2.00399994850159,-0.759999990463257,0.259999990463257
8.41600036621094,-1.97500002384186,-0.75900000333786,0.25
8.41499996185303,-1.96099996566772,-0.75900000333786,0.25
8.4060001373291,-1.93099999427795,-0.757000029087067,0.259999990463257
8.40999984741211,-1.90400004386902,-0.757000029087067,0.259999990463257
8.40799999237061,-1.87600004673004,-0.755999982357025,0.25
8.39599990844727,-1.84599995613098,-0.754000008106232,0.259999990463257
8.39799976348877,-1.81900000572205,-0.753000020980835,0.259999990463257
8.39400005340576,-1.78999996185303,-0.751999974250793,0.25
8.39099979400635,-1.77600002288818,-0.750999987125397,0.25
8.38300037384033,-1.74699997901917,-0.75,0.25
8.38799953460693,-1.72000002861023,-0.75,0.25
8.36499977111816,-1.68799996376038,-0.746999979019165,0.25
8.36400032043457,-1.66100001335144,-0.745999991893768,0.25
8.35700035095215,-1.63199996948242,-0.745000004768372,0.25
8.35499954223633,-1.60500001907349,-0.744000017642975,0.259999990463257
8.36200046539307,-1.5789999961853,-0.744000017642975,0.259999990463257
8.34099960327148,-1.56099998950958,-0.74099999666214,0.109999999403954
8.3459997177124,-1.5349999666214,-0.74099999666214,0.189999997615814
8.32699966430664,-1.50499999523163,-0.739000022411346,0.100000001490116
8.32999992370605,-1.47800004482269,-0.737999975681305,0
8.3730001449585,-1.45899999141693,-0.742999970912933,0
8.39000034332275,-1.43400001525879,-0.744000017642975,0
8.42599964141846,-1.41299998760223,-0.748000025749207,0
8.46300029754639,-1.40600001811981,-0.751999974250793,0
8.51299953460693,-1.3860000371933,-0.757000029087067,0
8.57199954986572,-1.36800003051758,-0.763000011444092,0
8.6269998550415,-1.34899997711182,-0.768999993801117,0
8.67700004577637,-1.3289999961853,-0.773999989032745,0
8.73999977111816,-1.30999994277954,-0.779999971389771,0
8.80500030517578,-1.29100000858307,-0.787000000476837,0
8.86200046539307,-1.2849999666214,-0.792999982833862,0
8.92899990081787,-1.26600003242493,-0.800000011920929,0
8.98600006103516,-1.24500000476837,-0.805999994277954,0
9.06900024414063,-1.22800004482269,-0.814999997615814,0
9.14000034332275,-1.20799994468689,-0.823000013828278,0
9.20300006866455,-1.18700003623962,-0.828999996185303,0
9.28299999237061,-1.16700005531311,-0.837999999523163,0
9.34799957275391,-1.1599999666214,-0.845000028610229,0
9.42700004577637,-1.13999998569489,-0.852999985218048,0
9.52700042724609,-1.12100005149841,-0.864000022411346,0
9.5959997177124,-1.09800004959106,-0.870999991893768,0
9.69999980926514,-1.0789999961853,-0.883000016212463,0
9.8100004196167,-1.05999994277954,-0.894999980926514,0
9.90799999237061,-1.03900003433228,-0.904999971389771,0
10.0010004043579,-1.03299999237061,-0.915000021457672,0
10.1029996871948,-1.0110000371933,-0.925999999046326,0
10.2110004425049,-0.989000022411346,-0.938000023365021,0
10.3229999542236,-0.967000007629395,-0.949999988079071,0
10.414999961853,-0.941999971866608,-0.959999978542328,0
10.5310001373291,-0.919000029563904,-0.97299998998642,0.0700000002980232
10.6510000228882,-0.894999980926514,-0.986000001430511,0.170000001788139
10.7609996795654,-0.887000024318695,-0.998000025749207,0.109999999403954
10.9139995574951,-0.865000009536743,-1.01400005817413,0.170000001788139
10.9879999160767,-0.836000025272369,-1.02199995517731,0
11.1700000762939,-0.778999984264374,-1.04200005531311,0
11.3249998092651,-0.754000008106232,-1.05900001525879,0.0500000007450581
11.46399974823,-0.726999998092651,-1.07400000095367,0
11.6879997253418,-0.722000002861023,-1.09899997711182,0
8.59799957275391,-2.73600006103516,-0.85699999332428,0.379999995231628
8.59899997711182,-2.70600008964539,-0.856000006198883,0.159999996423721
8.57800006866455,-2.68499994277954,-0.852999985218048,0.159999996423721
8.56599998474121,-2.65199995040894,-0.850000023841858,0.550000011920929
8.54399967193604,-2.61500000953674,-0.846000015735626,0.270000010728836
8.54800033569336,-2.58699989318848,-0.846000015735626,0.180000007152557
8.61100006103516,-2.57699990272522,-0.852999985218048,0.610000014305115
8.54699993133545,-2.52800011634827,-0.843999981880188,0
8.4980001449585,-2.48499989509583,-0.837000012397766,0
8.48799991607666,-2.46700000762939,-0.834999978542328,0
8.50800037384033,-2.44400000572205,-0.837000012397766,0.0500000007450581
8.54399967193604,-2.36700010299683,-0.837999999523163,0.449999988079071
8.51599979400635,-2.33100008964539,-0.833999991416931,0.819999992847443
8.52999973297119,-2.30599999427795,-0.834999978542328,0.899999976158142
8.50599956512451,-2.28500008583069,-0.830999970436096,0.949999988079071
8.51200008392334,-2.25799989700317,-0.830999970436096,0.910000026226044
8.53999996185303,-2.23699998855591,-0.833999991416931,0.889999985694885
8.5019998550415,-2.19799995422363,-0.828000009059906,0.699999988079071
8.46500015258789,-2.16000008583069,-0.823000013828278,0.610000014305115
8.46000003814697,-2.13100004196167,-0.822000026702881,0
8.42800045013428,-2.09400010108948,-0.816999971866608,0
8.39700031280518,-2.07200002670288,-0.813000023365021,0
8.42300033569336,-2.05100011825562,-0.814999997615814,0
8.37899971008301,-2.01200008392334,-0.809000015258789,0.0500000007450581
8.39900016784668,-1.9889999628067,-0.810999989509583,0.140000000596046
8.39000034332275,-1.95899999141693,-0.809000015258789,0.340000003576279
8.38000011444092,-1.92900002002716,-0.806999981403351,0.25
8.3730001449585,-1.89999997615814,-0.805000007152557,0.270000010728836
8.38000011444092,-1.87399995326996,-0.805999994277954,0.270000010728836
8.36800003051758,-1.85699999332428,-0.804000020027161,0.270000010728836
8.36200046539307,-1.82799994945526,-0.801999986171722,0.280000001192093
8.36200046539307,-1.80099999904633,-0.801999986171722,0.270000010728836
8.35799980163574,-1.77199995517731,-0.800000011920929,0.270000010728836
8.36100006103516,-1.74600005149841,-0.800000011920929,0.259999990463257
8.34700012207031,-1.7150000333786,-0.797999978065491,0.259999990463257
8.33899974822998,-1.68599998950958,-0.796000003814697,0.200000002980232
8.32600021362305,-1.66999995708466,-0.794000029563904,0.389999985694885
8.34700012207031,-1.64699995517731,-0.796000003814697,0.189999997615814
8.36600017547607,-1.62300002574921,-0.797999978065491,0
8.32199954986572,-1.58800005912781,-0.791999995708466,0.0500000007450581
8.32100009918213,-1.55999994277954,-0.791000008583069,0.170000001788139
8.3100004196167,-1.53100001811981,-0.790000021457672,0.270000010728836
8.3149995803833,-1.50499999523163,-0.790000021457672,0.25
8.30399990081787,-1.49000000953674,-0.787999987602234,0.259999990463257
8.33600044250488,-1.46800005435944,-0.791000008583069,0.230000004172325
8.34000015258789,-1.44200003147125,-0.791000008583069,0.340000003576279
8.37199974060059,-1.4210000038147,-0.794000029563904,0.200000002980232
8.43200016021729,-1.40400004386902,-0.800999999046326,0.180000007152557
8.47900009155273,-1.38399994373322,-0.805999994277954,0.280000001192093
8.51700019836426,-1.36300003528595,-0.810000002384186,0.259999990463257
8.57199954986572,-1.35800004005432,-0.815999984741211,0.270000010728836
8.625,-1.33899998664856,-0.822000026702881,0.259999990463257
8.68400001525879,-1.32099997997284,-0.828999996185303,0.259999990463257
8.73900032043457,-1.30099999904633,-0.834999978542328,0.25
8.79599952697754,-1.28100001811981,-0.841000020503998,0.100000001490116
8.85700035095215,-1.26199996471405,-0.84799998998642,0
8.91100025177002,-1.24100005626678,-0.852999985218048,0
8.97299957275391,-1.23599994182587,-0.861000001430511,0
9.05200004577637,-1.21800005435944,-0.870000004768372,0
9.15799999237061,-1.20299994945526,-0.882000029087067,0.119999997317791
9.22700023651123,-1.18299996852875,-0.888999998569489,0.159999996423721
9.29199981689453,-1.16199994087219,-0.896000027656555,0.100000001490116
9.38799953460693,-1.14400005340576,-0.907000005245209,0.159999996423721
9.45899963378906,-1.12300002574921,-0.915000021457672,0.100000001490116
9.55500030517578,-1.11899995803833,-0.925999999046326,0.159999996423721
9.63099956512451,-1.09800004959106,-0.935000002384186,0.159999996423721
9.72799968719482,-1.07799994945526,-0.945999979972839,0.100000001490116
9.82600021362305,-1.05799996852875,-0.957000017166138,0.150000005960464
9.91199970245361,-1.03600001335144,-0.967000007629395,0.0900000035762787
10.03600025177,-1.01699995994568,-0.981000006198883,0.150000005960464
10.1120004653931,-0.992999970912933,-0.990000009536743,0.0900000035762787
10.2399997711182,-0.990000009536743,-1.00499999523163,0.159999996423721
10.3339996337891,-0.966000020503998,-1.01499998569489,0.0900000035762787
10.4540004730225,-0.944999992847443,-1.02900004386902,0.140000000596046
10.5729999542236,-0.921999990940094,-1.04299998283386,0.0900000035762787
10.6990003585815,-0.899999976158142,-1.057000041008,0.150000005960464
10.8319997787476,-0.876999974250793,-1.07299995422363,0.129999995231628
10.7740001678467,-0.837999999523163,-1.06500005722046,0
10.9469995498657,-0.834999978542328,-1.08599996566772,0
11.0430002212524,-0.806999981403351,-1.09599995613098,0.0900000035762787
11.1960000991821,-0.783999979496002,-1.1139999628067,0
11.3229999542236,-0.757000029087067,-1.12899994850159,0.119999997317791
11.5260000228882,-0.735000014305115,-1.15199995040894,0
8.61600017547607,-2.76600003242493,-0.912000000476837,0.109999999403954
8.60000038146973,-2.73099994659424,-0.908999979496002,0.300000011920929
8.57800006866455,-2.71000003814697,-0.904999971389771,0.230000004172325
8.59000015258789,-2.68400001525879,-0.906000018119812,0.419999986886978
8.58199977874756,-2.65199995040894,-0.902999997138977,0.189999997615814
8.55799961090088,-2.61500000953674,-0.898999989032745,0.300000011920929
8.57100009918213,-2.58999991416931,-0.899999976158142,0.28999999165535
8.58100032806396,-2.56299996376038,-0.899999976158142,0.25
8.54899978637695,-2.52500009536743,-0.894999980926514,0
8.56900024414063,-2.51600003242493,-0.897000014781952,0
8.54399967193604,-2.47900009155273,-0.89300000667572,0
8.53499984741211,-2.44799995422363,-0.890999972820282,0.100000001490116
8.55700016021729,-2.39599990844727,-0.892000019550323,0.230000004172325
8.47900009155273,-2.34599995613098,-0.880999982357025,0.990000009536743
8.46700000762939,-2.31399989128113,-0.878000020980835,0.990000009536743
8.52600002288818,-2.30100011825562,-0.884999990463257,0.879999995231628
8.45100021362305,-2.26699995994568,-0.875,0.990000009536743
8.52299976348877,-2.25699996948242,-0.883000016212463,0.879999995231628
8.44200038909912,-2.20799994468689,-0.871999979019165,0.990000009536743
8.45100021362305,-2.18199992179871,-0.871999979019165,0.990000009536743
8.52299976348877,-2.17199993133545,-0.880999982357025,0.870000004768372
8.43299961090088,-2.12100005149841,-0.867999970912933,0.990000009536743
8.43000030517578,-2.09200000762939,-0.866999983787537,0.990000009536743
8.42199993133545,-2.07599997520447,-0.86599999666214,0.990000009536743
8.50599956512451,-2.06800007820129,-0.875,0.769999980926514
8.41600036621094,-2.01799988746643,-0.862999975681305,0.990000009536743
8.51700019836426,-2.01399993896484,-0.875,0.829999983310699
8.41499996185303,-1.96200001239777,-0.861999988555908,0.990000009536743
8.40299987792969,-1.932000041008,-0.859000027179718,0.990000009536743
8.40200042724609,-1.90400004386902,-0.857999980449677,0.990000009536743
8.60599994659424,-1.93499994277954,-0.88400000333786,0.740000009536743
8.55799961090088,-1.89600002765656,-0.876999974250793,0
8.44499969482422,-1.84399998188019,-0.861999988555908,0
8.44099998474121,-1.81500005722046,-0.861000001430511,0
8.4350004196167,-1.78600001335144,-0.859000027179718,0
8.4060001373291,-1.75300002098083,-0.855000019073486,0
8.39200019836426,-1.72200000286102,-0.852999985218048,0.150000005960464
8.39999961853027,-1.68299996852875,-0.852999985218048,0.189999997615814
8.35499954223633,-1.64699995517731,-0.846000015735626,0.959999978542328
8.35999965667725,-1.62000000476837,-0.846000015735626,0.720000028610229
8.35499954223633,-1.59200000762939,-0.845000028610229,0.439999997615814
8.24300003051758,-1.5440000295639,-0.829999983310699,0.550000011920929
8.36900043487549,-1.53999996185303,-0.845000028610229,0.239999994635582
8.36699962615967,-1.52699995040894,-0.845000028610229,0.270000010728836
8.34700012207031,-1.49600005149841,-0.842000007629395,0.300000011920929
8.3439998626709,-1.46800005435944,-0.841000020503998,0.28999999165535
8.375,-1.44700002670288,-0.843999981880188,0.239999994635582
8.4069995880127,-1.42499995231628,-0.84799998998642,0.259999990463257
8.43299961090088,-1.40199995040894,-0.850000023841858,0.209999993443489
8.49699974060059,-1.38499999046326,-0.857999980449677,0.209999993443489
8.53800010681152,-1.37800002098083,-0.862999975681305,0
8.57400035858154,-1.35599994659424,-0.86599999666214,0
8.67199993133545,-1.34300005435944,-0.878000020980835,0
8.68400001525879,-1.31700003147125,-0.879000008106232,0.100000001490116
8.77999973297119,-1.30299997329712,-0.890999972820282,0.159999996423721
8.81799983978271,-1.27999997138977,-0.894999980926514,0.180000007152557
8.9060001373291,-1.26400005817413,-0.904999971389771,0.28999999165535
8.95800018310547,-1.25699996948242,-0.91100001335144,0.109999999403954
9.03400039672852,-1.2389999628067,-0.920000016689301,0.170000001788139
9.1230001449585,-1.22200000286102,-0.930999994277954,0.119999997317791
9.1879997253418,-1.20099997520447,-0.938000023365021,0.170000001788139
9.26799964904785,-1.18099999427795,-0.948000013828278,0.119999997317791
9.36999988555908,-1.16400003433228,-0.959999978542328,0.170000001788139
9.44499969482422,-1.14300000667572,-0.968999981880188,0.280000001192093
9.52799987792969,-1.13800001144409,-0.978999972343445,0.159999996423721
9.63199996948242,-1.11899995803833,-0.99099999666214,0.349999994039536
9.7180004119873,-1.09800004959106,-1.00100004673004,0.270000010728836
9.81599998474121,-1.07799994945526,-1.01300001144409,0.270000010728836
9.92000007629395,-1.057000041008,-1.02600002288818,0.270000010728836
10.0080003738403,-1.0349999666214,-1.03600001335144,0.259999990463257
10.1219997406006,-1.01400005817413,-1.04999995231628,0.270000010728836
10.2379999160767,-1.00899994373322,-1.06400001049042,0.259999990463257
10.3380002975464,-0.986000001430511,-1.07599997520447,0.109999999403954
10.46399974823,-0.964999973773956,-1.09099996089935,0.159999996423721
10.5819997787476,-0.941999971866608,-1.10500001907349,0.119999997317791
10.6949996948242,-0.917999982833862,-1.11899995803833,0.159999996423721
10.8210000991821,-0.893999993801117,-1.13399994373322,0.200000002980232
10.9399995803833,-0.869000017642975,-1.14800000190735,0
11.2080001831055,-0.800999999046326,-1.17999994754791,0.529999971389771
11.3400001525879,-0.773999989032745,-1.19599997997284,0.419999986886978
11.4549999237061,-0.745999991893768,-1.21000003814697,0.109999999403954
11.7130002975464,-0.725000023841858,-1.24100005626678,0.109999999403954
8.54800033569336,-2.7409999370575,-0.949000000953674,0.239999994635582
8.54100036621094,-2.70900011062622,-0.947000026702881,0.330000013113022
8.53299999237061,-2.67700004577637,-0.944999992847443,0.349999994039536
8.52000045776367,-2.64299988746643,-0.941999971866608,0.300000011920929
8.51500034332275,-2.61199998855591,-0.939999997615814,0.360000014305115
8.51000022888184,-2.58200001716614,-0.938000023365021,0.310000002384186
8.50500011444092,-2.56500005722046,-0.936999976634979,0.360000014305115
8.50500011444092,-2.53600001335144,-0.935999989509583,0.310000002384186
8.4980001449585,-2.50500011444092,-0.934000015258789,0.349999994039536
8.48999977111816,-2.47399997711182,-0.931999981403351,0.300000011920929
8.48099994659424,-2.44199991226196,-0.930000007152557,0.319999992847443
8.47900009155273,-2.41300010681152,-0.927999973297119,0.319999992847443
8.49100017547607,-2.38700008392334,-0.929000020027161,0.180000007152557
8.5019998550415,-2.37599992752075,-0.930000007152557,0.389999985694885
8.49600028991699,-2.34599995613098,-0.927999973297119,0.730000019073486
8.47599983215332,-2.31200003623962,-0.925000011920929,0.899999976158142
8.42199993133545,-2.26799988746643,-0.916000008583069,0.959999978542328
8.40999984741211,-2.23699998855591,-0.913999974727631,0.990000009536743
8.39599990844727,-2.20499992370605,-0.91100001335144,0.990000009536743
8.38599967956543,-2.17400002479553,-0.908999979496002,0.990000009536743
8.39500045776367,-2.16199994087219,-0.910000026226044,0.990000009536743
8.39200019836426,-2.13299989700317,-0.907999992370605,0.990000009536743
8.40799999237061,-2.10899996757507,-0.910000026226044,0.949999988079071
8.37100028991699,-2.07200002670288,-0.903999984264374,0.990000009536743
8.44299983978271,-2.06200003623962,-0.912000000476837,0.779999971389771
8.38799953460693,-2.01999998092651,-0.903999984264374,0.990000009536743
8.38000011444092,-1.99000000953674,-0.90200001001358,0.990000009536743
8.34899997711182,-1.96899998188019,-0.898000001907349,0.990000009536743
8.35099983215332,-1.94200003147125,-0.897000014781952,0.990000009536743
8.3439998626709,-1.91199994087219,-0.896000027656555,0.990000009536743
8.32600021362305,-1.88100004196167,-0.89300000667572,0.990000009536743
8.52600002288818,-1.89800000190735,-0.917999982833862,0.620000004768372
8.37100028991699,-1.83599996566772,-0.897000014781952,0
8.40200042724609,-1.81500005722046,-0.899999976158142,0
8.37899971008301,-1.7960000038147,-0.897000014781952,0
8.34000015258789,-1.75999999046326,-0.890999972820282,0.0399999991059303
8.35900020599365,-1.71000003814697,-0.892000019550323,0.270000010728836
8.41499996185303,-1.69400000572205,-0.898999989032745,0.180000007152557
8.26700019836426,-1.6360000371933,-0.879000008106232,0.990000009536743
8.23499965667725,-1.53600001335144,-0.871999979019165,0.930000007152557
8.32800006866455,-1.52699995040894,-0.88400000333786,0.579999983310699
8.33800029754639,-1.50100004673004,-0.88400000333786,0.370000004768372
8.31799983978271,-1.47099995613098,-0.880999982357025,0.200000002980232
8.32800006866455,-1.44599997997284,-0.882000029087067,0.330000013113022
8.34200000762939,-1.43499994277954,-0.883000016212463,0.25
8.36999988555908,-1.41199994087219,-0.885999977588654,0.270000010728836
8.41399955749512,-1.39300000667572,-0.892000019550323,0.28999999165535
8.4689998626709,-1.375,-0.898000001907349,0.259999990463257
8.53400039672852,-1.35800004005432,-0.906000018119812,0.219999998807907
8.57699966430664,-1.33700001239777,-0.91100001335144,0.419999986886978
8.62800025939941,-1.317999958992,-0.916999995708466,0.25
8.69699954986572,-1.31400001049042,-0.925999999046326,0.25
8.59099960327148,-1.26999998092651,-0.912000000476837,0
8.74300003051758,-1.26499998569489,-0.930999994277954,0
8.79199981689453,-1.24399995803833,-0.935999989509583,0
9.03499984741211,-1.22200000286102,-0.967000007629395,0.300000011920929
9.13700008392334,-1.2059999704361,-0.980000019073486,0.200000002980232
9.19999980926514,-1.20000004768372,-0.986999988555908,0.360000014305115
9.2810001373291,-1.18099999427795,-0.996999979019165,0.200000002980232
9.35900020599365,-1.16199994087219,-1.00699996948242,0.230000004172325
9.44699954986572,-1.14300000667572,-1.01800000667572,0.209999993443489
9.54100036621094,-1.12399995326996,-1.02999997138977,0.230000004172325
9.62800025939941,-1.10399997234344,-1.03999996185303,0.209999993443489
9.73400020599365,-1.08500003814697,-1.05299997329712,0.209999993443489
9.83199977874756,-1.06500005722046,-1.06599998474121,0.200000002980232
9.91600036621094,-1.05900001525879,-1.07599997520447,0.209999993443489
10.0159997940063,-1.03799998760223,-1.08899998664856,0.189999997615814
10.1359996795654,-1.01800000667572,-1.10399997234344,0.209999993443489
10.2469997406006,-0.996999979019165,-1.11800003051758,0.180000007152557
10.3769998550415,-0.976999998092651,-1.13399994373322,0
10.4469995498657,-0.950999975204468,-1.14199995994568,0
10.5570001602173,-0.927999973297119,-1.15600001811981,0
10.7180004119873,-0.925000011920929,-1.17700004577637,0
10.8280000686646,-0.901000022888184,-1.19000005722046,0
10.8380002975464,-0.866999983787537,-1.19099998474121,0.0399999991059303
10.9320001602173,-0.841000020503998,-1.20299994945526,0.129999995231628
11.0120000839233,-0.811999976634979,-1.21300005912781,0.150000005960464
11.1450004577637,-0.787000000476837,-1.23000001907349,0.209999993443489
11.3100004196167,-0.763000011444092,-1.25100004673004,0.159999996423721
11.4259996414185,-0.753000020980835,-1.26499998569489,0.159999996423721
8.64700031280518,-2.74699997901917,-1.02499997615814,0.209999993443489
8.625,-2.71000003814697,-1.01999998092651,0.280000001192093
8.61299991607666,-2.67700004577637,-1.01699995994568,0.280000001192093
8.60999965667725,-2.64599990844727,-1.01600003242493,0.300000011920929
8.59099960327148,-2.62599992752075,-1.01300001144409,0.319999992847443
8.5939998626709,-2.59699988365173,-1.01199996471405,0.330000013113022
8.58100032806396,-2.56399989128113,-1.00899994373322,0.319999992847443
8.56799983978271,-2.53099989891052,-1.00600004196167,0.340000003576279
8.56700038909912,-2.50099992752075,-1.00499999523163,0.330000013113022
8.5629997253418,-2.47099995613098,-1.00300002098083,0.330000013113022
8.55000019073486,-2.43799996376038,-1,0.340000003576279
8.54800033569336,-2.40899991989136,-0.999000012874603,0.340000003576279
8.53800010681152,-2.39199995994568,-0.996999979019165,0.340000003576279
8.52299976348877,-2.35800004005432,-0.994000017642975,0.330000013113022
8.52200031280518,-2.32999992370605,-0.992999970912933,0.330000013113022
8.51000022888184,-2.29800009727478,-0.990000009536743,0.340000003576279
8.5,-2.26600003242493,-0.986999988555908,0.300000011920929
8.50899982452393,-2.24000000953674,-0.987999975681305,0.360000014305115
8.49899959564209,-2.20900011062622,-0.985000014305115,0.300000011920929
8.48299980163574,-2.19099998474121,-0.982999980449677,0.360000014305115
8.48600006103516,-2.16300010681152,-0.98199999332428,0.300000011920929
8.47799968719482,-2.13299989700317,-0.980000019073486,0.25
8.47900009155273,-2.10500001907349,-0.978999972343445,0.280000001192093
8.47200012207031,-2.07500004768372,-0.976999998092651,0.519999980926514
8.46500015258789,-2.04500007629395,-0.975000023841858,0.360000014305115
8.45400047302246,-2.01399993896484,-0.97299998998642,0.300000011920929
8.46300029754639,-2.00200009346008,-0.973999977111816,0.409999996423721
8.45100021362305,-1.97200000286102,-0.971000015735626,0.319999992847443
8.44999980926514,-1.942999958992,-0.970000028610229,0.28999999165535
8.42700004577637,-1.9099999666214,-0.966000020503998,0.28999999165535
8.45800018310547,-1.88900005817413,-0.970000028610229,0.340000003576279
8.45199966430664,-1.86000001430511,-0.967999994754791,0.340000003576279
8.44299983978271,-1.83000004291534,-0.966000020503998,0.259999990463257
8.42700004577637,-1.79900002479553,-0.962999999523163,0.379999995231628
8.42199993133545,-1.78400003910065,-0.962000012397766,0.200000002980232
8.41600036621094,-1.75600004196167,-0.959999978542328,0.180000007152557
8.42500019073486,-1.73000001907349,-0.961000025272369,0.180000007152557
8.41100025177002,-1.70000004768372,-0.958000004291534,0.280000001192093
8.40499973297119,-1.6710000038147,-0.957000017166138,0.209999993443489
8.39799976348877,-1.64199995994568,-0.954999983310699,0.25
8.41100025177002,-1.61699998378754,-0.955999970436096,0.430000007152557
8.41399955749512,-1.60399997234344,-0.955999970436096,0.5
8.4069995880127,-1.57500004768372,-0.954999983310699,0.180000007152557
8.38500022888184,-1.5440000295639,-0.950999975204468,0.209999993443489
8.39400005340576,-1.51800000667572,-0.950999975204468,0.46000000834465
8.3769998550415,-1.48800003528595,-0.948000013828278,0.259999990463257
8.37899971008301,-1.46200001239777,-0.948000013828278,0.159999996423721
8.39400005340576,-1.43700003623962,-0.949999988079071,0.349999994039536
8.4370002746582,-1.43099999427795,-0.954999983310699,0.319999992847443
8.46100044250488,-1.40699994564056,-0.958000004291534,0.28999999165535
8.51599979400635,-1.38900005817413,-0.964999973773956,0.280000001192093
8.56400012969971,-1.36899995803833,-0.971000015735626,0.259999990463257
8.6230001449585,-1.35000002384186,-0.977999985218048,0.219999998807907
8.53899955749512,-1.30999994277954,-0.966000020503998,0
8.70400047302246,-1.307000041008,-0.987999975681305,0
8.71000003814697,-1.2940000295639,-0.989000022411346,0
8.75300025939941,-1.27199995517731,-0.994000017642975,0
9.15799999237061,-1.24199998378754,-1.04700005054474,0.159999996423721
9.04500007629395,-1.19799995422363,-1.03199994564056,0.170000001788139
9.2810001373291,-1.19900000095367,-1.06299996376038,0.159999996423721
9.35000038146973,-1.17700004577637,-1.07200002670288,0.360000014305115
9.44600009918213,-1.17400002479553,-1.08500003814697,0.200000002980232
9.52999973297119,-1.15400004386902,-1.09599995613098,0.349999994039536
9.64400005340576,-1.13699996471405,-1.11099994182587,0.189999997615814
9.7189998626709,-1.1139999628067,-1.12000000476837,0.340000003576279
9.82299995422363,-1.09500002861023,-1.13399994373322,0.200000002980232
9.89299964904785,-1.07099997997284,-1.14300000667572,0
9.97700023651123,-1.04799997806549,-1.15400004386902,0
10.0930004119873,-1.0440000295639,-1.1690000295639,0
10.2030000686646,-1.02300000190735,-1.18400001525879,0
10.3339996337891,-1.00300002098083,-1.20099997520447,0
10.4580001831055,-0.981000006198883,-1.21800005435944,0
10.5950002670288,-0.959999978542328,-1.23599994182587,0
10.75,-0.939999997615814,-1.25600004196167,0.109999999403954
10.8500003814697,-0.913999974727631,-1.26900005340576,0
10.8730001449585,-0.898999989032745,-1.27199995517731,0.0299999993294477
10.9549999237061,-0.870999991893768,-1.28299999237061,0.0799999982118607
10.9989995956421,-0.83899998664856,-1.28900003433228,0.150000005960464
11.1140003204346,-0.813000023365021,-1.30400002002716,0.239999994635582
11.2379999160767,-0.78600001335144,-1.32000005245209,0.209999993443489
11.3030004501343,-0.754999995231628,-1.3289999961853,0.180000007152557
8.4709997177124,-2.78299999237061,-1.06400001049042,0
8.45899963378906,-2.50200009346008,-1.04999995231628,0
8.47399997711182,-2.49200010299683,-1.05200004577637,0
8.48799991607666,-2.46700000762939,-1.05299997329712,0
8.49400043487549,-2.43899989128113,-1.05299997329712,0
8.50500011444092,-2.41400003433228,-1.05299997329712,0
8.52000045776367,-2.38899993896484,-1.05400002002716,0
8.52200031280518,-2.36100006103516,-1.05400002002716,0
8.51599979400635,-2.32999992370605,-1.05200004577637,0
8.50800037384033,-2.31399989128113,-1.04999995231628,0.0700000002980232
8.50800037384033,-2.28500008583069,-1.04900002479553,0.0799999982118607
8.5,-2.25399994850159,-1.04700005054474,0.0799999982118607
8.49499988555908,-2.22399997711182,-1.04499995708466,0.0900000035762787
8.48700046539307,-2.19400000572205,-1.04299998283386,0.0900000035762787
8.47399997711182,-2.16199994087219,-1.03999996185303,0
8.47700023651123,-2.1340000629425,-1.03900003433228,0.129999995231628
8.47399997711182,-2.10500001907349,-1.03799998760223,0.209999993443489
8.4680004119873,-2.08999991416931,-1.03600001335144,0.180000007152557
8.45899963378906,-2.05900001525879,-1.03400003910065,0.0900000035762787
8.4370002746582,-2.02600002288818,-1.02999997138977,0.0900000035762787
8.45300006866455,-2.00200009346008,-1.03100001811981,0.140000000596046
8.43000030517578,-1.96800005435944,-1.02699995040894,0.0900000035762787
8.41699981689453,-1.93700003623962,-1.02400004863739,0.0900000035762787
8.42099952697754,-1.9099999666214,-1.02400004863739,0.0900000035762787
8.41199970245361,-1.89400005340576,-1.02199995517731,0.0900000035762787
8.40100002288818,-1.8639999628067,-1.01999998092651,0.0900000035762787
8.4069995880127,-1.83800005912781,-1.01999998092651,0.0900000035762787
8.40900039672852,-1.80999994277954,-1.01900005340576,0.140000000596046
8.37899971008301,-1.77600002288818,-1.01400005817413,0.0900000035762787
8.38300037384033,-1.75,-1.01400005817413,0
8.40200042724609,-1.72599995136261,-1.01600003242493,0.119999997317791
8.37399959564209,-1.70700001716614,-1.01199996471405,0.0900000035762787
8.36699962615967,-1.67799997329712,-1.00999999046326,0.150000005960464
8.35499954223633,-1.64800000190735,-1.00699996948242,0.100000001490116
8.35200023651123,-1.62000000476837,-1.00600004196167,0.0900000035762787
8.35599994659424,-1.59399998188019,-1.00600004196167,0.150000005960464
8.34700012207031,-1.56500005722046,-1.00399994850159,0.0900000035762787
8.33199977874756,-1.5349999666214,-1.00100004673004,0.0900000035762787
8.3430004119873,-1.52300000190735,-1.00199997425079,0.140000000596046
8.32800006866455,-1.49300003051758,-0.999000012874603,0.100000001490116
8.375,-1.47500002384186,-1.00600004196167,0
8.37600040435791,-1.44799995422363,-1.00499999523163,0
8.39799976348877,-1.42499995231628,-1.00800001621246,0
8.44400024414063,-1.40499997138977,-1.01300001144409,0
8.49100017547607,-1.3860000371933,-1.01999998092651,0
8.56400012969971,-1.37000000476837,-1.02900004386902,0
8.59500026702881,-1.36199998855591,-1.03400003910065,0
8.84099960327148,-1.25899994373322,-1.06599998474121,0
9.06400012969971,-1.26300001144409,-1.09700000286102,0
9.19999980926514,-1.26699995994568,-1.11600005626678,0
9.19200038909912,-1.23699998855591,-1.11500000953674,0
9.1230001449585,-1.19799995422363,-1.10399997234344,0
9.32299995422363,-1.19500005245209,-1.13199996948242,0
9.40100002288818,-1.17499995231628,-1.14300000667572,0
9.47399997711182,-1.15400004386902,-1.15299999713898,0
10.3319997787476,-1.01499998569489,-1.27100002765656,0
10.456000328064,-1.0110000371933,-1.28900003433228,0
10.5220003128052,-0.984000027179718,-1.29799997806549,0
10.6859998703003,-0.966000020503998,-1.32099997997284,0
10.8439998626709,-0.912000000476837,-1.34200000762939,0
10.9499998092651,-0.885999977588654,-1.35699999332428,0
10.9460000991821,-0.851000010967255,-1.35599994659424,0
11.1599998474121,-0.815999984741211,-1.3860000371933,0
11.2790002822876,-0.788999974727631,-1.40199995040894,0
11.3719997406006,-0.759999990463257,-1.41499996185303,0.0700000002980232
8.41800022125244,-2.52300000190735,-1.08599996566772,0
8.43900012969971,-2.5,-1.08800005912781,0
8.42300033569336,-2.46600008010864,-1.08399999141693,0
8.41300010681152,-2.44899988174438,-1.08200001716614,0
8.39400005340576,-2.41499996185303,-1.07799994945526,0
8.39799976348877,-2.38800001144409,-1.07700002193451,0
8.39599990844727,-2.35899996757507,-1.07599997520447,0
8.40900039672852,-2.33400011062622,-1.07700002193451,0
8.39900016784668,-2.30299997329712,-1.07400000095367,0
8.40200042724609,-2.27600002288818,-1.07299995422363,0
8.39099979400635,-2.25799989700317,-1.07099997997284,0
8.40299987792969,-2.23300004005432,-1.07200002670288,0
8.42199993133545,-2.21000003814697,-1.07400000095367,0
8.42500019073486,-2.18300008773804,-1.07299995422363,0
8.44699954986572,-2.16000008583069,-1.07500004768372,0
8.44400024414063,-2.13100004196167,-1.07400000095367,0
8.44299983978271,-2.1029999256134,-1.07299995422363,0
8.46599960327148,-2.09400010108948,-1.07599997520447,0
8.44200038909912,-2.05999994277954,-1.07099997997284,0
8.45199966430664,-2.03399991989136,-1.07200002670288,0.0700000002980232
8.47500038146973,-2.01200008392334,-1.07400000095367,0.0900000035762787
8.47200012207031,-1.98300004005432,-1.07299995422363,0.159999996423721
8.48999977111816,-1.95899999141693,-1.07500004768372,0.239999994635582
8.45899963378906,-1.92400002479553,-1.06900000572205,0.25
8.45300006866455,-1.90900003910065,-1.067999958992,0.300000011920929
8.44499969482422,-1.87899994850159,-1.06599998474121,0.300000011920929
8.44099998474121,-1.85099995136261,-1.06400001049042,0.300000011920929
8.43000030517578,-1.82000005245209,-1.06200003623962,0.28999999165535
8.43299961090088,-1.79299998283386,-1.06099998950958,0.300000011920929
8.42000007629395,-1.76300001144409,-1.05799996852875,0.28999999165535
8.41499996185303,-1.73399996757507,-1.057000041008,0.319999992847443
8.41699981689453,-1.70700001716614,-1.05599999427795,0.28999999165535
8.4040002822876,-1.69099998474121,-1.05400002002716,0.300000011920929
8.40900039672852,-1.66499996185303,-1.05400002002716,0.310000002384186
8.39299964904785,-1.63399994373322,-1.05099999904633,0.310000002384186
8.39000034332275,-1.60599994659424,-1.04999995231628,0.310000002384186
8.39299964904785,-1.5789999961853,-1.04900002479553,0.310000002384186
8.38300037384033,-1.54999995231628,-1.04700005054474,0.300000011920929
8.38199996948242,-1.52300000190735,-1.0460000038147,0.310000002384186
8.3730001449585,-1.50800001621246,-1.0440000295639,0.310000002384186
8.38700008392334,-1.48300004005432,-1.0460000038147,0.300000011920929
8.39200019836426,-1.45700001716614,-1.0460000038147,0.330000013113022
8.41800022125244,-1.43400001525879,-1.04900002479553,0.259999990463257
8.45899963378906,-1.41299998760223,-1.05499994754791,0.209999993443489
8.52600002288818,-1.39699995517731,-1.06400001049042,0.389999985694885
8.57499980926514,-1.37699997425079,-1.07099997997284,0.209999993443489
8.57199954986572,-1.36300003528595,-1.07000005245209,0
8.5939998626709,-1.33899998664856,-1.07200002670288,0
8.61900043487549,-1.31500005722046,-1.07500004768372,0
8.72500038146973,-1.30299997329712,-1.0900000333786,0
8.75100040435791,-1.27799999713898,-1.09399998188019,0
8.86100006103516,-1.26600003242493,-1.10899996757507,0
8.91300010681152,-1.24399995803833,-1.11600005626678,0.0500000007450581
9.20800018310547,-1.24000000953674,-1.15900003910065,0
9.16199970245361,-1.20500004291534,-1.15199995040894,0
9.28800010681152,-1.19200003147125,-1.16999995708466,0
9.41100025177002,-1.17700004577637,-1.18700003623962,0
9.53499984741211,-1.16199994087219,-1.20500004291534,0
9.625,-1.14199995994568,-1.21800005435944,0
9.75300025939941,-1.14100003242493,-1.23599994182587,0
9.84500026702881,-1.12000000476837,-1.24899995326996,0
9.9680004119873,-1.10199999809265,-1.26699995994568,0.0700000002980232
10.0719995498657,-1.08200001716614,-1.28199994564056,0
10.1499996185303,-1.05799996852875,-1.29299998283386,0
10.2869997024536,-1.03900003433228,-1.31200003623962,0
10.3809995651245,-1.01499998569489,-1.32500004768372,0
10.4930000305176,-1.00899994373322,-1.34200000762939,0
10.5989999771118,-0.986000001430511,-1.35699999332428,0
10.7360000610352,-0.96399998664856,-1.37600004673004,0
10.8610000610352,-0.940999984741211,-1.39400005340576,0
10.9630002975464,-0.913999974727631,-1.40900003910065,0
10.9969997406006,-0.882000029087067,-1.41299998760223,0.0700000002980232
11.0100002288818,-0.848999977111816,-1.41499996185303,0.0799999982118607
11.0329999923706,-0.833000004291534,-1.41799998283386,0.109999999403954
11.1809997558594,-0.808000028133392,-1.43900001049042,0.25
11.3299999237061,-0.782999992370605,-1.46099996566772,0.389999985694885
8.54100036621094,-2.74200010299683,-1.17700004577637,0
8.49699974060059,-2.69799995422363,-1.16799998283386,0
8.48600006103516,-2.63599991798401,-1.16400003433228,0
8.36499977111816,-2.1010000705719,-1.12399995326996,0
8.35799980163574,-2.07200002670288,-1.12199997901917,0.100000001490116
8.35499954223633,-2.04299998283386,-1.12000000476837,0.129999995231628
8.3459997177124,-2.01300001144409,-1.11800003051758,0
8.33899974822998,-1.98300004005432,-1.11500000953674,0
8.34899997711182,-1.97200000286102,-1.11699998378754,0
8.33600044250488,-1.94099998474121,-1.1139999628067,0
8.3149995803833,-1.90900003910065,-1.10899996757507,0
8.33699989318848,-1.8860000371933,-1.11199998855591,0
8.32900047302246,-1.85699999332428,-1.11000001430511,0
8.32100009918213,-1.82799994945526,-1.10800004005432,0
8.33100032806396,-1.80299997329712,-1.10800004005432,0
8.33199977874756,-1.78900003433228,-1.10800004005432,0
8.36499977111816,-1.76900005340576,-1.11199998855591,0
8.37600040435791,-1.74399995803833,-1.11300003528595,0
8.34099960327148,-1.70899999141693,-1.10699999332428,0
8.35000038146973,-1.68299996852875,-1.10699999332428,0
8.35299968719482,-1.65699994564056,-1.10699999332428,0
8.38399982452393,-1.6360000371933,-1.11099994182587,0
8.35700035095215,-1.61699998378754,-1.10599994659424,0
8.35599994659424,-1.58899998664856,-1.10500001907349,0
8.34000015258789,-1.55900001525879,-1.10199999809265,0
8.35000038146973,-1.53400003910065,-1.10300004482269,0
8.36100006103516,-1.50899994373322,-1.10399997234344,0
8.38899993896484,-1.48699998855591,-1.10800004005432,0
8.41100025177002,-1.46300005912781,-1.11000001430511,0
8.41199970245361,-1.45000004768372,-1.11000001430511,0
8.42199993133545,-1.42400002479553,-1.11099994182587,0
8.47299957275391,-1.40600001811981,-1.11800003051758,0
8.51099967956543,-1.38499999046326,-1.12300002574921,0
8.53699970245361,-1.36099994182587,-1.12699997425079,0
8.58600044250488,-1.34200000762939,-1.13399994373322,0
8.64799976348877,-1.32400000095367,-1.14300000667572,0.0299999993294477
8.69699954986572,-1.317999958992,-1.14999997615814,0.170000001788139
8.7519998550415,-1.29799997806549,-1.15799999237061,0.109999999403954
8.90499973297119,-1.29200005531311,-1.18099999427795,0.370000004768372
8.9379997253418,-1.26900005340576,-1.18499994277954,0.280000001192093
8.92300033569336,-1.23800003528595,-1.182000041008,0.180000007152557
9.09899997711182,-1.23399996757507,-1.20899999141693,0.189999997615814
9.20499992370605,-1.21899998188019,-1.22500002384186,0
9.32199954986572,-1.22000002861023,-1.24300003051758,0
9.51000022888184,-1.2150000333786,-1.27100002765656,0
9.67800045013428,-1.17499995231628,-1.2960000038147,0
9.73499965667725,-1.15100002288818,-1.30400002002716,0
9.86800003051758,-1.13499999046326,-1.32400000095367,0
9.96199989318848,-1.11500000953674,-1.33800005912781,0
10.0459995269775,-1.10800004005432,-1.35099995136261,0
10.1599998474121,-1.08899998664856,-1.36800003051758,0
10.2360000610352,-1.06500005722046,-1.37899994850159,0.0500000007450581
10.3529996871948,-1.0440000295639,-1.39699995517731,0.109999999403954
8.9069995880127,-2.78500008583069,-1.35699999332428,0
8.89000034332275,-2.76500010490417,-1.35300004482269,0.0500000007450581
8.88799953460693,-2.73399996757507,-1.35099995136261,0.0399999991059303
8.875,-2.69899988174438,-1.34800004959106,0.129999995231628
8.86900043487549,-2.66700005531311,-1.34500002861023,0.0399999991059303
8.88599967956543,-2.64199995994568,-1.34700000286102,0.150000005960464
8.98799991607666,-2.64100003242493,-1.36199998855591,0.200000002980232
9.17800045013428,-2.66499996185303,-1.39199995994568,0.239999994635582
9.20100021362305,-2.65599989891052,-1.39499998092651,0.25
9.19999980926514,-2.62400007247925,-1.39400005340576,0.209999993443489
9.22200012207031,-2.59899997711182,-1.39600002765656,0.140000000596046
9.20300006866455,-2.56299996376038,-1.39199995994568,0
9.25899982452393,-2.54699993133545,-1.39999997615814,0
8.57600021362305,-2.33200001716614,-1.28600001335144,0
8.51099967956543,-2.28600001335144,-1.27400004863739,0
8.51799964904785,-2.2590000629425,-1.27400004863739,0
8.49300003051758,-2.23799991607666,-1.26900005340576,0
8.49199962615967,-2.21000003814697,-1.26800000667572,0
8.48400020599365,-2.17899990081787,-1.26600003242493,0
8.48499965667725,-2.15100002288818,-1.26499998569489,0
8.47000026702881,-2.11899995803833,-1.2610000371933,0
8.4709997177124,-2.09100008010864,-1.25999999046326,0
8.4680004119873,-2.06200003623962,-1.25899994373322,0
8.45800018310547,-2.0460000038147,-1.25600004196167,0
8.48400020599365,-2.0239999294281,-1.25999999046326,0
8.46500015258789,-1.99100005626678,-1.25600004196167,0.0199999995529652
8.46300029754639,-1.96300005912781,-1.25399994850159,0.129999995231628
8.49699974060059,-1.94200003147125,-1.25899994373322,0.150000005960464
8.45800018310547,-1.90600001811981,-1.25100004673004,0.310000002384186
8.44299983978271,-1.875,-1.24800002574921,0.310000002384186
8.4399995803833,-1.86000001430511,-1.24699997901917,0.360000014305115
8.41300010681152,-1.82700002193451,-1.24199998378754,0.319999992847443
8.35900020599365,-1.78699994087219,-1.23199999332428,0.0599999986588955
8.33399963378906,-1.75499999523163,-1.22699999809265,0
8.30200004577637,-1.72099995613098,-1.22099995613098,0
8.27499961853027,-1.68799996376038,-1.21599996089935,0
8.28800010681152,-1.66400003433228,-1.21700000762939,0
8.27700042724609,-1.64800000190735,-1.2150000333786,0
8.27999973297119,-1.62199997901917,-1.21399998664856,0
8.26599979400635,-1.59200000762939,-1.21099996566772,0
8.27400016784668,-1.56700003147125,-1.21200001239777,0
8.24199962615967,-1.53400003910065,-1.2059999704361,0
8.24899959564209,-1.50899994373322,-1.2059999704361,0
8.2480001449585,-1.48199999332428,-1.20500004291534,0
8.24100017547607,-1.4539999961853,-1.20299994945526,0
8.27799987792969,-1.44700002670288,-1.20899999141693,0
8.31999969482422,-1.42700004577637,-1.2150000333786,0
8.3439998626709,-1.40400004386902,-1.21800005435944,0
8.39900016784668,-1.3860000371933,-1.22599995136261,0
8.45800018310547,-1.36800003051758,-1.23500001430511,0
8.53400039672852,-1.35300004482269,-1.24699997901917,0.0599999986588955
8.59899997711182,-1.33500003814697,-1.25600004196167,0.180000007152557
8.59099960327148,-1.32000005245209,-1.25499999523163,0.140000000596046
8.6540002822876,-1.30200004577637,-1.26400005817413,0.150000005960464
8.76900005340576,-1.29100000858307,-1.28199994564056,0.519999980926514
8.79300022125244,-1.26600003242493,-1.2849999666214,0.200000002980232
8.94400024414063,-1.25899994373322,-1.30900001525879,0.449999988079071
8.97299957275391,-1.23399996757507,-1.31299996376038,0.259999990463257
9.02000045776367,-1.21099996566772,-1.32000005245209,0
9.1569995880127,-1.2150000333786,-1.34099996089935,0
9.38199996948242,-1.21399998664856,-1.37699997425079,0
8.96500015258789,-2.76399993896484,-1.45700001716614,0
8.97700023651123,-2.73699998855591,-1.45700001716614,0
8.94400024414063,-2.69600009918213,-1.45000004768372,0
8.94299983978271,-2.66499996185303,-1.44799995422363,0.100000001490116
8.94699954986572,-2.65100002288818,-1.44799995422363,0.0500000007450581
8.99899959564209,-2.63599991798401,-1.4559999704361,0.0399999991059303
9.06400012969971,-2.62400007247925,-1.46599996089935,0.0700000002980232
9.11200046539307,-2.60700011253357,-1.47300004959106,0.0399999991059303
9.20400047302246,-2.60199999809265,-1.48800003528595,0.140000000596046
8.8100004196167,-1.85800004005432,-1.39300000667572,0.159999996423721
8.66800022125244,-1.79900002479553,-1.36800003051758,0.270000010728836
8.67000007629395,-1.7849999666214,-1.36800003051758,0.319999992847443
8.53699970245361,-1.72899997234344,-1.34399998188019,0.180000007152557
8.44400024414063,-1.68299996852875,-1.32700002193451,0.140000000596046
8.375,-1.64100003242493,-1.31400001049042,0.239999994635582
8.4350004196167,-1.62600004673004,-1.32299995422363,0
8.38000011444092,-1.58800005912781,-1.31299996376038,0
8.38300037384033,-1.56099998950958,-1.31299996376038,0
8.36800003051758,-1.54499995708466,-1.30999994277954,0
8.35900020599365,-1.51600003242493,-1.307000041008,0
8.35999965667725,-1.4889999628067,-1.307000041008,0
8.36299991607666,-1.46200001239777,-1.30599999427795,0
8.36900043487549,-1.43599998950958,-1.307000041008,0
8.4069995880127,-1.41600000858307,-1.31200003623962,0
8.44999980926514,-1.39600002765656,-1.31900000572205,0
8.50500011444092,-1.39100003242493,-1.32799994945526,0.0199999995529652
8.56700038909912,-1.37399995326996,-1.33800005912781,0.0299999993294477
8.58300018310547,-1.34899997711182,-1.3400000333786,0.0700000002980232
8.5930004119873,-1.32299995422363,-1.34099996089935,0.109999999403954
8.69299983978271,-1.31099998950958,-1.35699999332428,0.189999997615814
8.76900005340576,-1.2940000295639,-1.37000000476837,0.319999992847443
8.85499954223633,-1.27900004386902,-1.38399994373322,0.230000004172325
8.91800022125244,-1.27400004863739,-1.39400005340576,0.200000002980232
8.9980001449585,-1.25600004196167,-1.40699994564056,0.140000000596046
9.04100036621094,-1.23399996757507,-1.41400003433228,0.200000002980232
8.68599987030029,-1.47699999809265,-1.43799996376038,0
8.6850004196167,-1.44900000095367,-1.43700003623962,0
8.64299964904785,-1.42799997329712,-1.42900002002716,0
8.67599964141846,-1.40499997138977,-1.43499994277954,0
8.65299987792969,-1.37399995326996,-1.42999994754791,0
8.6230001449585,-1.34099996089935,-1.42299997806549,0
8.63799953460693,-1.31599998474121,-1.42599999904633,0.119999997317791
8.70899963378906,-1.29799997806549,-1.43700003623962,0.140000000596046
8.82800006866455,-1.28799998760223,-1.45799994468689,0.259999990463257
8.89599990844727,-1.28299999237061,-1.47000002861023,0.439999997615814
8.96500015258789,-1.26400005817413,-1.48099994659424,0.0700000002980232
9.04800033569336,-1.24699997901917,-1.49600005149841,0.159999996423721
